range,azimuth,vr,rcs,vr_comp,x_cc,y_cc,x_seq,y_seq,label_id
18.32098,-1.1690731,16.594212,11.233969,0.13510796,-12.516544,-9.468384,-135.1811,-1079.0704,11.0
8.983969,-0.87775075,13.570533,-8.991407,0.31739008,-2.725996,-7.1890454,-144.51297,-1075.3333,11.0
11.668472,-0.7419,11.38777,7.648597,0.031765528,-3.4476337,-10.124601,-142.2405,-1073.3397,11.0
19.535028,-0.5850194,8.974935,-13.906338,0.06765799,-5.6752977,-18.031483,-135.88681,-1068.1328,11.0
20.303272,-0.55559105,8.397263,-18.60393,-0.024390394,-5.51361,-18.984121,-135.4739,-1067.2592,11.0
13.094804,-0.38418758,-7.689437,-23.028175,-13.151486,-0.1764533,-13.392284,-143.05135,-1068.7877,11.0
14.536247,-0.5238637,7.853969,-12.3616905,-0.035965104,-2.4924088,-14.041653,-140.7808,-1069.5814,11.0
16.3915,-0.4974743,7.58533,-17.431854,0.14372823,-2.8837838,-15.900339,-139.39569,-1068.2816,11.0
17.300846,-0.48069733,7.112614,-7.659471,-0.04124711,-2.9799175,-16.847696,-138.77443,-1067.5599,11.0
18.060001,-0.45884046,6.985424,-17.215502,0.20943588,-2.9053016,-17.69623,-138.34975,-1066.8215,11.0
19.238678,-0.46738648,6.950442,-15.198546,0.026310192,-3.486876,-18.73374,-137.27888,-1066.304,11.0
15.180208,-0.12569991,1.8336228,-5.2446337,1.1084114,3.0697703,-16.041613,-144.1958,-1064.757,7.0
15.234334,-0.13859585,2.0138433,-5.8088393,1.0485104,2.8713992,-16.086754,-144.00732,-1064.8335,7.0
15.27499,-0.1376563,1.0597731,-10.969118,0.11192952,2.883619,-16.128094,-143.99367,-1064.7926,7.0
15.424666,-0.13974746,2.5579798,-15.473677,1.5712112,2.8437705,-16.275896,-143.87637,-1064.6942,7.0
16.199741,-0.06803454,-0.34384927,-8.340551,0.0055742995,3.9639134,-17.069946,-144.34006,-1063.4019,11.0
16.43473,-0.0809899,-0.08890848,-13.687529,0.019056877,3.7553775,-17.30747,-144.0331,-1063.3265,11.0
17.219881,-0.073526114,-0.2875017,-18.261883,-0.040423617,3.8883104,-18.091408,-143.6932,-1062.6077,11.0
17.690464,-0.078110486,-0.15010339,-20.882956,0.011530624,3.8133729,-18.562824,-143.36185,-1062.2642,11.0
17.72541,-0.17387144,1.6749294,-21.782862,0.053705458,2.1182315,-18.53097,-141.99033,-1063.2609,11.0
17.91108,-0.06556873,-0.43447247,-19.548185,-0.039097294,4.0398583,-18.780115,-143.42311,-1061.9563,11.0
17.979504,-0.089468874,0.088856034,-18.070238,0.038780496,3.6116135,-18.85243,-143.03061,-1062.1422,11.0
10.052256,0.05352673,-2.6075242,0.042110443,-0.00084323256,5.067092,-10.826712,-148.81926,-1067.8887,11.0
10.729538,0.07612618,-3.124955,-19.171892,-0.10187815,5.401396,-11.460774,-148.73029,-1067.1775,11.0
10.811362,0.16626178,-4.7330604,-18.867155,-0.066685215,6.3678536,-11.340536,-149.59148,-1066.7227,11.0
10.90348,0.1163859,-3.765269,-14.909643,-0.004367005,5.8612003,-11.552596,-149.05469,-1066.8389,11.0
11.377278,0.091259874,-3.2595034,-14.852073,0.041562345,5.67603,-12.070775,-148.60617,-1066.5201,11.0
11.54424,0.019152468,-2.0039713,-14.083611,-0.033119004,4.8816814,-12.352734,-147.79349,-1066.7438,11.0
11.549968,0.109023996,-3.6721842,-18.124525,-0.045780927,5.90819,-12.202646,-148.721,-1066.279,11.0
12.321919,0.17733176,-4.9031463,-17.103516,-0.037295714,6.8776484,-12.768198,-149.19199,-1065.2603,11.0
12.323778,-0.012813829,-1.3972701,-11.79764,-0.019811,4.5716324,-13.163236,-147.07521,-1066.2568,11.0
12.577464,0.028035153,-2.1663918,-12.283459,-0.030981084,5.1017985,-13.367897,-147.39268,-1065.7854,11.0
12.642931,0.15414757,-4.4797,-14.444906,-0.03227088,6.6775703,-13.151277,-148.80861,-1065.0608,11.0
12.671507,0.0050638686,-1.660805,-12.749193,0.048731748,4.82303,-13.491297,-147.09348,-1065.8439,11.0
12.842118,0.08186468,-3.1744485,-18.2502,-0.045876987,5.8163614,-13.533294,-147.8838,-1065.2407,11.0
13.439962,0.109117456,-3.6534255,-20.81598,-0.02531339,6.276817,-14.056344,-147.96182,-1064.5482,11.0
13.489975,0.017735299,-1.9248483,-17.346745,0.019735165,5.0680733,-14.289601,-146.83728,-1065.0491,11.0
13.660693,-0.0026860882,-1.4897072,-17.607878,0.07593517,4.8081245,-14.485613,-146.51193,-1065.0372,11.0
13.752102,-0.037590954,-0.8945871,-7.778819,0.021932408,4.336856,-14.6085825,-146.05515,-1065.2063,11.0
13.859953,0.08108982,-3.188049,-24.512262,-0.07371654,5.9764433,-14.538514,-147.43948,-1064.325,11.0
13.859966,0.121891655,-3.8367631,-24.817942,0.02459368,6.5319443,-14.432787,-147.95544,-1064.0935,11.0
14.699917,-0.005597366,-1.5027634,-24.04975,0.008800226,4.8525887,-15.524704,-145.95341,-1064.1599,11.0
14.699906,-0.034624632,-0.9815223,-21.395475,-0.009783807,4.426848,-15.553047,-145.58815,-1064.3804,11.0
15.595742,0.22407503,-5.6949077,-21.445019,0.0063690683,8.430801,-15.722082,-148.77399,-1061.9492,11.0
15.646608,0.008295989,-1.7781825,-17.61561,-0.008664477,5.145741,-16.449194,-145.66441,-1063.2341,11.0
15.686933,0.12664443,-4.129058,-24.737646,-0.18107861,6.9830217,-16.204578,-147.31076,-1062.3827,11.0
15.785014,0.019009981,-2.0898764,-18.486763,-0.12166505,5.3271275,-16.57005,-145.74393,-1063.0311,11.0
16.758194,0.015896501,-1.799944,-24.328793,0.11054943,5.3778305,-17.543226,-145.22827,-1062.2042,11.0
16.868757,0.22425434,-5.588541,-22.453598,0.11591765,8.822857,-16.933226,-148.40193,-1060.7318,11.0
17.332474,0.14795151,-4.394293,-20.331455,-0.059102185,7.691367,-17.730844,-147.0176,-1060.7257,11.0
17.401173,0.109471194,-3.6195729,-23.921495,0.015006201,7.053234,-17.940722,-146.37424,-1060.9191,11.0
6.223102,0.35774368,-8.052127,-13.319736,-0.036695804,6.338157,-6.4917665,-152.34344,-1070.715,11.0
8.816365,0.33082166,-7.578021,-25.45274,-0.01847768,7.237284,-8.932329,-151.68318,-1068.1992,11.0
8.882188,0.3116576,-7.2723994,-18.372746,-0.040730722,7.1077156,-9.060014,-151.50385,-1068.1687,11.0
9.026661,0.4450661,-9.507179,-24.019741,-0.054713026,8.239332,-8.653604,-152.66429,-1067.854,11.0
9.034835,0.41535994,-9.017343,-24.203754,-0.046194933,8.010148,-8.793262,-152.39644,-1067.8707,11.0
9.039382,0.38033968,-8.412245,-25.932413,-0.018651564,7.7322164,-8.944673,-152.08188,-1067.9056,11.0
9.157533,0.23419242,-5.941311,-16.49691,-0.060786944,6.550635,-9.563337,-150.75893,-1068.0751,11.0
9.333024,0.42912245,-9.342716,-24.563389,-0.14756924,8.265795,-8.99209,-152.49219,-1067.5613,11.0
9.722599,0.19308165,-5.226198,-11.627623,-0.077576816,6.3470216,-10.217783,-150.21727,-1067.655,11.0
10.309089,0.25845253,-6.2975755,-16.769337,0.010271977,7.150114,-10.5744095,-150.67148,-1066.9028,11.0
10.378673,0.22702217,-5.8402977,-18.135956,-0.086746186,6.864991,-10.745391,-150.33983,-1066.9259,11.0
10.414369,0.21283524,-5.5366364,-13.347556,-0.035175815,6.7351446,-10.82393,-150.1884,-1066.9359,11.0
10.499989,0.19266108,-5.239692,-19.273386,-0.09860515,6.557383,-10.966181,-149.96121,-1066.921,11.0
10.852862,0.35552505,-8.012805,-18.959858,-0.034728132,8.306624,-10.682249,-151.5579,-1066.1522,11.0
12.221271,0.39791965,-8.572397,-20.810963,0.11245643,9.355581,-11.687526,-151.84229,-1064.7274,11.0
12.35978,0.25117543,-6.20951,-20.369816,-0.029464912,7.7590218,-12.534337,-150.04848,-1064.9474,11.0
12.993428,0.30643508,-7.206139,-19.410997,-0.06428707,8.639533,-12.875637,-150.57494,-1064.1633,11.0
13.614945,0.24511947,-6.0913234,-18.222374,-0.01788438,8.097108,-13.745662,-149.63208,-1063.7606,11.0
13.727809,0.4366365,-9.341555,-24.81238,-0.02484087,10.522726,-12.764043,-152.18277,-1063.1766,11.0
13.777524,0.34979072,-7.880722,-25.074175,0.00062643306,9.486498,-13.359274,-150.9924,-1063.2819,11.0
14.19219,0.31298897,-7.3145957,-18.443531,-0.06006167,9.184467,-13.947083,-150.40822,-1062.9729,11.0
15.837043,0.26698753,-6.497808,-22.672398,-0.040492762,9.146984,-15.730248,-149.35648,-1061.5325,11.0
6.0130253,0.5011811,-10.306652,-10.984945,0.03192968,6.9973726,-5.876842,-153.23601,-1070.8416,11.0
6.062402,0.54117507,-11.00625,-5.9325204,-0.055828076,7.2237773,-5.7794833,-153.47737,-1070.7917,11.0
6.098346,0.5920497,-11.729181,-11.461119,-0.025894849,7.4912424,-5.62004,-153.78793,-1070.7694,11.0
6.1167674,0.46182802,-9.794143,-10.281113,-0.073742986,6.852011,-6.092679,-152.99324,-1070.7479,11.0
6.1301064,0.65077746,-12.669671,-6.0275784,-0.13508444,7.7846193,-5.4106708,-154.14835,-1070.7731,11.0
6.1485524,0.4272198,-9.245456,-8.260448,-0.08117365,6.685117,-6.227578,-152.77917,-1070.7328,11.0
6.1765223,0.39963907,-8.796859,-13.139136,-0.083660915,6.5493736,-6.333611,-152.60718,-1070.7236,11.0
6.2237935,0.51519096,-10.426843,-10.421558,0.12799808,7.1864676,-6.0033784,-153.31857,-1070.6296,11.0
6.245443,0.38548282,-8.485768,-13.086306,-0.006692756,6.503127,-6.4353046,-152.51103,-1070.6667,11.0
7.1400323,0.63870484,-12.548,-26.089863,-0.180866,8.399495,-6.215815,-154.19144,-1069.7609,11.0
9.074741,0.59555453,-11.61382,-19.364336,0.14023958,9.3844,-7.9168987,-154.0249,-1067.8022,11.0
9.079899,0.51445,-10.545991,-20.364315,-0.002535796,8.797844,-8.361521,-153.28943,-1067.7737,11.0
7.0596914,0.8660513,-15.2852125,-21.146675,-0.093105845,9.416374,-4.9642015,-155.74178,-1070.2047,11.0
7.577974,0.9945994,-16.576748,-17.923752,-0.12560397,10.350771,-4.436623,-156.80992,-1070.1023,11.0
7.6809993,1.0280459,-16.995285,-17.616308,-0.26032224,10.558691,-4.2563705,-157.08359,-1070.131,11.0
7.708343,0.9265348,-15.869046,-20.25265,-0.05194928,10.203534,-4.9522114,-156.394,-1069.7639,11.0
35.44168,-1.179276,16.324337,17.561691,-0.22315834,-27.804123,-17.18045,-118.231834,-1081.5011,11.0
33.8027,-1.0656074,15.437388,5.7034893,-0.03024044,-24.391144,-19.730024,-119.570114,-1077.4565,11.0
33.463875,-1.036098,15.076402,4.0705013,-0.07762023,-23.547049,-20.352327,-119.90583,-1076.4631,11.0
79.327515,-0.9915556,1.2425263,12.926235,-13.413229,-58.719448,-49.875908,-74.16516,-1072.3973,11.0
30.830559,-0.8480025,12.970458,0.48348427,0.11301189,-17.607912,-23.19052,-123.14992,-1070.7356,11.0
32.106842,-0.7926556,12.124701,0.15406513,0.033451214,-17.168856,-25.30419,-122.29963,-1068.7512,11.0
33.379257,-0.80032676,12.119227,5.8358536,-0.08048278,-18.18864,-26.105532,-121.00473,-1068.6782,11.0
33.71715,-0.8280198,12.6619005,0.7842541,0.07666402,-19.107126,-25.739998,-120.461006,-1069.5038,11.0
26.842314,-0.8054045,12.190575,5.4431906,-0.0805341,-14.0120535,-21.074541,-127.30955,-1070.4114,11.0
34.38543,-0.7614978,11.76649,1.5655928,0.12302074,-17.82133,-27.720373,-120.38124,-1067.1439,11.0
34.912514,-0.7766537,11.902081,2.390606,0.039361615,-18.561268,-27.798185,-119.73005,-1067.5038,11.0
36.779846,-0.7223347,11.136792,-3.7817488,0.0721278,-18.175406,-30.467611,-118.51794,-1065.0944,11.0
32.428852,-0.6549468,10.042215,-6.617463,0.012705406,-13.791194,-28.203964,-123.40844,-1064.44,11.0
38.37176,-0.69082433,10.610065,-2.2793102,0.023464793,-18.136574,-32.451008,-117.414116,-1063.446,11.0
40.03236,-0.6644499,10.281869,3.0024633,0.10351294,-18.20328,-34.405903,-116.24009,-1061.8816,11.0
40.10079,-0.6454323,10.03777,-1.4028292,0.1581927,-17.597929,-34.873676,-116.468544,-1061.1514,11.0
40.523582,-0.6412337,9.801527,-4.6162796,-0.011602209,-17.677639,-35.32206,-116.14646,-1060.8295,11.0
40.647007,-0.66373897,10.100673,-1.0138483,-0.06657934,-18.514797,-34.936535,-115.68086,-1061.6249,11.0
41.06165,-0.6520028,9.979818,-2.2999926,-0.0033954268,-18.335648,-35.54458,-115.47958,-1061.0238,11.0
41.509212,-0.6437271,9.877698,1.7550735,0.025086477,-18.28461,-36.105328,-115.20035,-1060.5348,11.0
42.38227,-0.6484249,10.008414,-7.8728914,0.08158124,-18.914982,-36.740696,-114.31974,-1060.3749,11.0
42.420105,-0.63705415,9.741107,-1.8041639,-0.0057040704,-18.525478,-37.027348,-114.474945,-1059.9169,11.0
42.99668,-0.64378387,9.859325,-5.1081696,0.0058160354,-19.073168,-37.366577,-113.83169,-1059.9523,11.0
43.296925,-0.62767416,9.650337,-1.9682093,0.05297974,-18.636982,-37.985455,-113.83493,-1059.1952,11.0
33.82158,-0.6234303,9.719776,-3.2456064,0.19031556,-13.63354,-29.937222,-122.545265,-1062.9286,11.0
34.945095,-0.62564665,9.486759,-7.708188,-0.078181654,-14.274625,-30.863022,-121.48958,-1062.5367,11.0
36.111454,-0.6046289,9.281623,-5.5815783,0.05500889,-14.217921,-32.24671,-120.74379,-1061.3698,11.0
39.58905,-0.63288414,10.704851,-1.2695065,1.0243764,-16.90377,-34.700516,-117.136795,-1060.8959,11.0
43.22646,-0.6110729,9.480904,-7.0694103,0.15011993,-17.982538,-38.28954,-114.197365,-1058.5712,11.0
44.296417,-0.60458785,9.289512,-3.674222,0.06356302,-18.2692,-39.358727,-113.35015,-1057.8588,11.0
45.348103,-0.6037181,9.215579,0.8069639,0.003720147,-18.755638,-40.29197,-112.416985,-1057.3721,11.0
45.431202,-0.6120113,9.393187,-0.1861248,0.047264557,-19.123451,-40.176582,-112.1815,-1057.6774,11.0
46.540466,-0.5864127,8.928055,-4.145001,-0.0020257295,-18.641596,-41.72052,-111.69252,-1056.1356,11.0
46.766376,-0.59136754,8.939107,-3.9470658,-0.07192816,-18.952963,-41.807243,-111.38759,-1056.2428,11.0
46.907837,-0.6090616,9.296458,-5.124467,-0.001853087,-19.744267,-41.523277,-110.901436,-1056.9287,11.0
47.219517,-0.60277444,9.0837345,-3.8946352,-0.11282934,-19.642061,-41.940712,-110.746216,-1056.528,11.0
47.615143,-0.5714777,8.800489,-8.9599285,0.115743876,-18.52997,-42.999878,-111.0515,-1055.0228,11.0
47.88008,-0.5823954,9.146673,-9.229965,0.28239143,-19.114603,-42.988117,-110.578926,-1055.3672,11.0
48.379616,-0.5760086,8.766815,-4.4858274,0.007434078,-19.079988,-43.573627,-110.27205,-1054.8674,11.0
49.56009,-0.58119375,8.83463,-6.4735184,-0.009943261,-19.86142,-44.49414,-109.104324,-1054.5602,11.0
49.600666,-0.59501433,8.945269,-7.706828,-0.12520891,-20.481775,-44.20031,-108.76397,-1055.1562,11.0
49.654045,-0.56284034,8.628044,0.09398794,0.08607119,-19.099977,-45.002026,-109.43779,-1053.7078,11.0
50.359833,-0.59272605,9.050074,-3.0916166,0.016880775,-20.750599,-44.91944,-108.13181,-1054.7206,11.0
50.420135,-0.5716865,8.694432,-1.1550889,0.0062432825,-19.846664,-45.47665,-108.553856,-1053.7462,11.0
50.600376,-0.5547609,8.457658,-1.1288362,0.049812645,-19.169718,-46.029007,-108.79258,-1052.9058,11.0
51.24008,-0.5746377,8.739207,0.34451437,0.0023892631,-20.362658,-46.1313,-107.75598,-1053.5049,11.0
51.77584,-0.55231524,8.437279,-6.2479644,0.070142165,-19.58706,-47.135,-107.817154,-1052.2379,11.0
52.445377,-0.55956686,8.551618,4.189737,0.06392101,-20.226908,-47.56122,-107.04853,-1052.2549,11.0
53.62428,-0.5552858,8.516781,0.28778982,0.10020381,-20.559332,-48.714844,-106.11545,-1051.4994,11.0
54.600075,-0.55620754,8.388867,-8.004774,-0.043035097,-21.044992,-49.562664,-105.231834,-1051.0824,11.0
55.535923,-0.5511789,8.360499,-7.630983,0.012294425,-21.219131,-50.522957,-104.53922,-1050.3948,11.0
56.400997,-0.5503125,8.31999,-3.4570403,-0.01377345,-21.563023,-51.318222,-103.801926,-1049.9397,11.0
57.248936,-0.54365116,8.198918,-4.755711,-0.023600444,-21.600622,-52.246048,-103.239845,-1049.2006,11.0
66.92655,-0.5276516,7.9091053,-1.6079755,-0.04473894,-24.906666,-61.395203,-95.29076,-1043.5927,11.0
52.794468,-0.5404751,8.196338,0.1858325,0.026989067,-19.484303,-48.322533,-107.221436,-1051.2056,11.0
55.089714,-0.5346763,8.058817,-6.328007,-0.013244763,-20.20312,-50.524635,-105.37124,-1049.8116,11.0
55.4411,-0.5253772,7.8615136,-9.388844,-0.053970397,-19.889656,-51.06252,-105.320244,-1049.1913,11.0
55.995377,-0.53483605,8.176658,-6.7228055,0.101912215,-20.603535,-51.33702,-104.5778,-1049.375,11.0
57.237988,-0.53507733,7.9372687,-5.3243375,-0.14152968,-21.154486,-52.450897,-103.48832,-1048.7772,11.0
58.380054,-0.52551025,7.995038,-1.7002683,0.07730958,-21.145222,-53.719788,-102.76937,-1047.7316,11.0
58.914333,-0.49278715,7.423748,-7.649493,0.062327992,-19.614033,-54.99396,-103.29514,-1045.8102,11.0
59.11085,-0.5128619,7.7471657,-3.595059,0.043491717,-20.776989,-54.69474,-102.51302,-1046.7214,11.0
59.22006,-0.52391523,7.917073,-3.6666913,0.026267972,-21.416641,-54.520245,-102.088524,-1047.2307,11.0
60.78549,-0.49171,7.4649916,-5.5376234,0.122020945,-20.293163,-56.738712,-101.73935,-1044.7687,11.0
62.063282,-0.5146238,7.6747417,-2.875256,-0.058823954,-22.097225,-57.337696,-99.91733,-1045.3105,11.0
63.484165,-0.50614727,7.613648,12.984335,0.024113016,-22.196459,-58.85168,-98.969086,-1044.1261,11.0
64.97044,-0.5021486,7.6089296,10.90337,0.08752823,-22.564404,-60.31442,-97.829895,-1043.1376,11.0
65.923706,-0.47822794,7.1756186,3.6705203,0.06428164,-21.498997,-61.80582,-97.84942,-1041.3048,11.0
67.225235,-0.48505884,7.2847223,0.4466033,0.055860028,-22.419611,-62.832092,-96.50703,-1040.9906,11.0
67.53182,-0.4756421,7.054086,3.89986,-0.0126751335,-21.9513,-63.35864,-96.58948,-1040.2908,11.0
68.13686,-0.5123522,7.7579055,-4.7630506,0.062884025,-24.477259,-62.927475,-94.76546,-1042.0906,11.0
68.46003,-0.4809462,7.1936307,-3.244203,0.03548574,-22.638979,-64.078865,-95.6133,-1040.094,11.0
71.368034,-0.47617188,7.026508,0.4543414,-0.049389455,-23.441322,-66.893845,-93.3437,-1038.2456,11.0
78.796135,-0.4689552,6.9826636,8.865544,0.031393133,-25.735569,-73.97946,-87.40567,-1033.7501,11.0
80.18685,-0.45810527,6.834931,12.370535,0.07171072,-25.445494,-75.58997,-86.72134,-1032.2637,11.0
81.06001,-0.45638776,6.838637,8.223087,0.10525785,-25.632692,-76.454,-86.073135,-1031.6625,11.0
82.782455,-0.4706155,7.0661626,-5.7289047,0.08618768,-27.350328,-77.62656,-83.99355,-1031.6846,11.0
91.52062,-0.44816506,6.6720138,-2.579962,0.08177572,-28.710443,-86.47665,-77.811066,-1025.2076,11.0
21.78672,-0.52421707,7.989964,-11.28223,0.09406311,-5.5696125,-20.606728,-134.49893,-1065.9609,11.0
70.421364,-0.45081756,6.677315,-4.9379835,0.040852975,-21.421665,-66.675186,-95.12471,-1037.2684,11.0
72.036316,-0.4249781,6.1551,-4.3356457,-0.029131722,-20.24927,-68.82471,-94.85512,-1034.8348,11.0
72.17964,-0.4377762,6.441815,-1.938823,0.033061706,-21.166243,-68.6477,-94.20469,-1035.505,11.0
72.913376,-0.43346867,6.2808146,-7.597842,-0.052484926,-21.123497,-69.44405,-93.78376,-1034.8276,11.0
78.34927,-0.42104438,6.020459,-6.716974,-0.09455642,-22.05391,-74.88144,-89.907616,-1030.9026,11.0
95.02783,-0.41007397,-4.275756,7.6008515,-10.197245,-26.541786,-90.97272,-77.01467,-1020.27985,11.0
20.168077,-0.4534124,6.7471704,-16.177612,0.06553423,-3.5699105,-19.69948,-136.65785,-1065.5598,11.0
21.419998,-0.43995288,6.4972563,-8.107402,0.050420694,-3.749076,-20.969702,-135.78366,-1064.621,11.0
21.700752,-0.44013312,6.502341,-5.3575983,0.052352846,-3.849897,-21.231758,-135.55095,-1064.4639,11.0
22.793829,-0.46783808,6.9919767,5.331643,0.060030617,-4.81767,-22.03043,-134.30022,-1064.3632,11.0
95.96474,-0.31106508,4.183946,1.0698471,0.03844599,-17.69629,-94.43053,-82.28675,-1012.3802,11.0
97.01977,-0.30055863,3.8996317,0.5637772,-0.054715317,-16.936172,-95.68075,-82.19408,-1010.92,11.0
97.642845,-0.3082119,4.192162,-1.4168655,0.09852822,-17.7981,-96.12817,-81.23125,-1011.0467,11.0
97.76521,-0.3002473,4.036623,0.5083573,0.087946296,-17.064705,-96.41566,-81.66791,-1010.39105,11.0
98.31244,-0.31851184,4.3418617,-2.0021484,0.061152227,-18.93196,-96.553734,-80.05798,-1011.347,11.0
98.47331,-0.33295947,4.539969,2.7933106,-0.0023790272,-20.351143,-96.37334,-78.99776,-1012.3075,11.0
99.43791,-0.30309665,3.9780185,2.7370744,-0.022546012,-17.696146,-97.98986,-80.24886,-1009.462,11.0
58.215702,-0.30783853,-9.056452,-9.686778,-13.143296,-9.111131,-57.669914,-110.373726,-1037.6025,11.0
72.46084,-0.2530739,3.0400767,-6.0386076,-0.045206655,-8.343428,-72.332214,-102.607765,-1025.1422,11.0
77.80169,-0.2644207,3.4523363,-0.6487457,0.15867814,-10.098128,-77.44802,-98.23996,-1021.9527,11.0
77.92577,-0.28772393,3.7443304,-1.8828201,0.024086023,-11.903462,-77.228165,-96.88574,-1023.1666,11.0
79.336,-0.29142925,3.7379317,-6.5944214,-0.0499617,-12.473101,-78.55071,-95.66146,-1022.4085,11.0
81.51002,-0.2431632,2.94652,1.8276367,0.04356516,-9.045528,-81.38621,-96.848,-1018.1213,11.0
82.3197,-0.24767965,3.055207,-4.175456,0.069125906,-9.538883,-82.12719,-96.01925,-1017.79626,11.0
82.73414,-0.29075968,3.8888865,-4.599701,0.11321323,-13.110005,-81.88907,-93.22781,-1020.03625,11.0
83.13868,-0.24053407,2.9056184,0.12210846,0.051080577,-9.083505,-83.02875,-95.87637,-1016.7964,11.0
83.46411,-0.25225472,3.0580382,-1.9830201,-0.012185611,-10.099186,-83.19469,-94.948654,-1017.2419,11.0
84.78715,-0.25780827,3.2398107,4.1241655,0.067534536,-10.781546,-84.420685,-93.68724,-1016.6275,11.0
85.701996,-0.2610649,3.3537905,8.461064,0.12171611,-11.212341,-85.27416,-92.84537,-1016.17444,11.0
86.51971,-0.25907803,3.3246827,-2.921573,0.12908722,-11.184949,-86.10913,-92.38974,-1015.4742,11.0
87.03654,-0.2717627,3.454496,3.466011,0.026231993,-12.360064,-86.421936,-91.247215,-1015.89056,11.0
87.54172,-0.2951574,3.7053366,0.41286778,-0.1505705,-14.46148,-86.51794,-89.469406,-1017.01514,11.0
88.24061,-0.30011615,3.974071,9.728885,0.02778404,-15.034032,-87.11003,-88.66098,-1016.85754,11.0
89.03978,-0.2939573,3.9692678,-1.3625,0.13524912,-14.667079,-88.0056,-88.44904,-1015.9132,11.0
89.45844,-0.28768864,3.7531958,0.8972168,0.03359551,-14.204139,-88.52902,-88.52888,-1015.219,11.0
89.79592,-0.25142795,3.0703425,-2.6358902,0.015319561,-11.069993,-89.45204,-90.5699,-1012.6677,11.0
89.85989,-0.24194403,2.722756,-4.6502914,-0.15774977,-10.239163,-89.650986,-91.13714,-1012.0289,11.0
91.59068,-0.30134583,4.0088882,-1.7136475,0.040203415,-15.853925,-90.36011,-86.12786,-1014.6624,11.0
92.0943,-0.28788456,3.5951185,-1.754036,-0.1280601,-14.748267,-91.10817,-86.606,-1013.416,11.0
92.89659,-0.2888516,3.77766,2.518921,0.036821805,-14.996669,-91.87626,-85.962555,-1012.9285,11.0
93.2037,-0.27592576,3.568408,3.6559448,0.06390179,-13.876641,-92.41146,-86.57436,-1011.84845,11.0
93.54534,-0.29749516,3.7236156,2.9072678,-0.17491227,-15.918355,-92.345955,-84.93798,-1013.0712,11.0
94.81237,-0.28527215,3.7964354,0.31565857,0.12098167,-15.048902,-93.820564,-84.806465,-1011.36444,11.0
96.1959,-0.2889508,3.8065038,4.5600967,0.06385427,-15.668733,-95.10641,-83.56204,-1010.6651,11.0
96.90157,-0.29877535,4.0606046,-1.5385864,0.13874602,-16.742184,-95.60179,-82.39833,-1010.87366,11.0
97.75348,-0.2841502,3.6607099,0.17650604,0.0057597975,-15.521823,-96.72541,-82.75548,-1009.25366,11.0
41.878757,-0.21547818,2.3346186,-12.832872,-0.05755822,-1.7188807,-42.404503,-125.174934,-1045.8853,11.0
41.975376,-0.21004085,2.3266318,-12.877492,0.034999326,-1.5048771,-42.529034,-125.27908,-1045.6606,11.0
55.884186,-0.20558909,2.2314656,-5.2949295,0.022203503,-2.9703288,-56.36211,-116.157074,-1035.1587,11.0
56.66405,-0.21289513,2.3612075,-4.2198076,0.016786499,-3.4737768,-57.08582,-115.32994,-1034.8536,11.0
60.244984,-0.22055835,2.533658,-7.471564,0.047605194,-4.382558,-60.578335,-112.58513,-1032.5106,11.0
61.945667,-0.2257706,2.5890803,-4.510759,0.0067773806,-4.92955,-62.219833,-111.196785,-1031.478,11.0
62.84618,-0.18038537,1.8390093,-3.510051,0.096865974,-2.2217398,-63.443058,-112.71638,-1028.9248,11.0
63.15753,-0.20751972,2.2721865,-5.02713,0.027196607,-3.9547172,-63.569447,-111.223236,-1029.8134,11.0
64.39906,-0.21752286,2.4913175,1.9800323,0.061349753,-4.743553,-64.721016,-109.917145,-1029.3209,11.0
64.41382,-0.20328833,2.0706215,-6.6427565,-0.096052624,-3.8356037,-64.84886,-110.58832,-1028.6963,11.0
64.56063,-0.18037866,1.8696967,-6.2058516,0.1276779,-2.381845,-65.15002,-111.60774,-1027.617,11.0
65.09972,-0.22064139,2.4490983,-1.8563522,-0.03848858,-5.036253,-65.38886,-109.29478,-1028.941,11.0
65.93067,-0.24309121,2.8129208,-7.290207,-0.08870857,-6.611806,-65.99812,-107.65421,-1029.3436,11.0
66.21498,-0.23007722,2.6213493,-5.3905654,-0.04042768,-5.8040714,-66.40771,-108.08191,-1028.5454,11.0
66.49546,-0.18479484,1.9138583,-5.5745316,0.089902736,-2.855308,-67.0482,-110.13271,-1026.3319,11.0
67.32166,-0.24270739,2.8844664,-3.7170715,-0.010095873,-6.8030577,-67.376144,-106.70838,-1028.3234,11.0
68.17942,-0.2027514,2.168452,-8.00394,0.011718438,-4.237609,-68.59312,-108.114845,-1025.8567,11.0
70.66347,-0.23862487,3.002083,-8.336339,0.18271647,-7.0375175,-70.72158,-104.60063,-1025.7148,11.0
71.60036,-0.23452707,2.698047,-6.570218,-0.045794997,-6.8892794,-71.691505,-104.1668,-1024.8348,11.0
72.11662,-0.21389173,2.4084556,0.49366605,0.045607448,-5.4913063,-72.40625,-104.90368,-1023.4484,11.0
72.23971,-0.22933862,2.5819771,-4.854875,-0.06617311,-6.612644,-72.37815,-104.00044,-1024.1135,11.0
73.17835,-0.23108001,2.6578608,-1.7079666,-0.022414587,-6.872282,-73.28902,-103.26603,-1023.5154,11.0
74.33971,-0.23718108,2.8440232,-5.8247194,0.05126095,-7.488104,-74.371605,-102.14128,-1022.9804,11.0
84.041245,-0.20345522,2.2899518,-6.269023,0.1201881,-6.1344204,-84.3412,-97.54269,-1014.0318,11.0
27.584795,-0.18995863,1.9824667,-12.296608,0.062748805,0.81724364,-28.310612,-135.32408,-1055.9879,11.0
28.582222,-0.1881628,1.9187847,-12.531658,0.032364797,0.76540476,-29.307966,-134.71051,-1055.2,11.0
29.83554,-0.1934367,2.0055838,-3.0917625,0.021393938,0.48185042,-30.538464,-133.77348,-1054.3535,11.0
32.604977,-0.1934868,2.0279162,-10.720306,0.04279772,0.18494086,-33.29194,-131.95346,-1052.2661,11.0
36.682423,-0.15544091,1.2008314,-16.266987,-0.0779075,1.1401381,-37.468563,-130.34512,-1048.2949,11.0
36.685368,-0.19671507,2.0675454,-9.197922,0.02260699,-0.36805937,-37.336224,-129.1844,-1049.267,11.0
39.938053,-0.15173937,1.2204715,-9.684384,0.010572573,1.0637305,-40.72638,-128.41711,-1045.6677,11.0
40.32885,-0.20534112,2.2587957,-16.601349,0.05412325,-1.1140146,-40.917927,-126.52202,-1046.7577,11.0
40.870193,-0.15635124,1.3036789,-6.7371416,0.008012765,0.8150051,-41.643845,-127.687874,-1045.058,11.0
41.579746,-0.15018326,1.2869257,-14.862561,0.10597168,1.0214536,-42.36875,-127.44206,-1044.3455,11.0
42.787754,-0.14485554,1.1882739,-15.563173,0.10644135,1.1722475,-43.588196,-126.86746,-1043.2594,11.0
43.019375,-0.16945279,1.5876478,-7.84648,0.048487462,0.10326437,-43.744843,-125.90137,-1043.743,11.0
43.679733,-0.15226442,1.2955861,-16.099804,0.07592143,0.79732734,-44.45863,-126.06169,-1042.7605,11.0
43.67976,-0.17509124,1.61808,-10.407863,-0.025792617,-0.19676323,-44.381893,-125.29063,-1043.3926,11.0
44.415897,-0.17684275,1.7042905,-7.9789534,0.02790078,-0.33929655,-45.108208,-124.7579,-1042.8787,11.0
45.26507,-0.1676956,1.4464749,-8.677969,-0.06004201,-0.0032879924,-45.98935,-124.52885,-1041.9639,11.0
45.35975,-0.1776281,1.8019944,-10.946269,0.11102613,-0.45982382,-46.044994,-124.122696,-1042.1797,11.0
45.570637,-0.15202166,1.2479354,-13.178899,0.03278599,0.684311,-46.346184,-124.88825,-1041.2776,11.0
46.199734,-0.16684394,1.4505455,-16.095816,-0.04014843,-0.03977319,-46.92411,-123.96371,-1041.2184,11.0
46.710354,-0.17744699,1.7298257,-11.39638,0.042219255,-0.5741579,-47.390778,-123.258385,-1041.1418,11.0
47.42146,-0.18943119,1.9077148,-9.907066,-0.0022238216,-1.2043056,-48.04401,-122.36773,-1040.967,11.0
47.521835,-0.17236884,1.732723,-9.575727,0.13940214,-0.40738556,-48.220196,-122.920204,-1040.3663,11.0
49.55283,-0.19265567,1.8963829,-7.1594467,-0.07333124,-1.5819798,-50.14747,-120.8537,-1039.4589,11.0
49.977924,-0.17101352,1.6091331,-7.8820634,0.040983196,-0.55026597,-50.67301,-121.39863,-1038.4373,11.0
50.004326,-0.15714528,1.3545932,-8.502019,0.044162814,0.13889484,-50.75299,-121.91784,-1037.977,11.0
50.06535,-0.19448437,2.1208344,-8.3823395,0.11722883,-1.7272592,-50.647335,-120.44837,-1039.1322,11.0
51.2397,-0.16189972,1.4053078,-8.411554,0.006492757,-0.19113775,-51.967545,-120.951836,-1037.1703,11.0
51.25223,-0.1773363,1.732723,-7.620837,0.047171075,-0.98050827,-51.914444,-120.335075,-1037.6658,11.0
51.92273,-0.14477351,1.5377612,-10.753595,0.4574551,0.64473635,-52.707928,-121.213196,-1036.0846,11.0
53.6423,-0.18217492,1.8681726,-7.719157,0.09282245,-1.4554796,-54.270542,-118.59661,-1036.0061,11.0
54.599716,-0.18888663,1.8849571,-11.582825,-0.014884726,-1.9115009,-55.1874,-117.69777,-1035.5155,11.0
57.959652,-0.15673041,1.3182988,-4.5877504,0.015582198,-0.39777872,-58.690224,-116.933136,-1031.777,11.0
58.45523,-0.16021438,1.328065,1.391948,-0.039423022,-0.63562983,-59.169964,-116.46345,-1031.5199,11.0
59.219658,-0.16450584,1.4315374,-4.292627,-0.01571184,-0.9452533,-59.913086,-115.7841,-1031.0879,11.0
59.89022,-0.15494736,1.3077288,-7.7431154,0.0381679,-0.42650625,-60.623436,-115.802666,-1030.2085,11.0
60.552284,-0.15572847,1.1297355,-10.595685,-0.1543507,-0.51890105,-61.280704,-115.35057,-1029.7225,11.0
60.635944,-0.16318822,1.5629579,-8.210596,0.14019522,-0.97580665,-61.331245,-114.947044,-1029.9427,11.0
61.403614,-0.17290391,1.6825812,-5.905913,0.07932354,-1.6291351,-62.048134,-114.00093,-1029.7291,11.0
61.55688,-0.16308515,1.3817532,-3.8892531,-0.03909411,-1.0399351,-62.249966,-114.36842,-1029.2262,11.0
61.69356,-0.13243999,0.988264,-10.22423,0.13753523,0.8366242,-62.501785,-115.762726,-1027.9453,11.0
62.15965,-0.16929209,1.5451735,-4.8086305,0.008998381,-1.4705858,-62.8203,-113.68879,-1029.0052,11.0
65.65275,-0.17358243,1.7562758,-4.315718,0.14041823,-2.039731,-66.2776,-111.24259,-1026.4967,11.0
66.401405,-0.16376331,1.4060074,-8.174814,-0.027443143,-1.4549537,-67.07687,-111.26437,-1025.5066,11.0
67.72456,-0.13048422,0.8780945,-9.713953,0.06378322,0.6926449,-68.532394,-112.19167,-1023.08356,11.0
70.420425,-0.14797059,1.001233,-10.116388,-0.13855834,-0.6552703,-71.1609,-109.58156,-1021.7004,11.0
76.76999,-0.1464607,1.0681055,-9.09656,-0.043594133,-0.9289326,-77.50553,-105.72437,-1016.65546,11.0
80.515724,-0.14565526,1.1523666,-6.5880294,0.055653304,-1.0882454,-81.24841,-103.45065,-1013.67804,11.0
20.917395,-0.17364252,1.7468672,-22.419836,0.12989417,1.8448207,-21.711226,-139.94522,-1060.81,11.0
22.40549,-0.15763885,-11.641568,-17.886707,-12.961175,2.0729196,-23.221996,-139.26718,-1059.4409,11.0
26.076918,-0.1822627,1.9245636,-17.196053,0.14758466,1.1724952,-26.830715,-136.46269,-1056.9978,11.0
26.167173,-0.12258371,0.7127873,-10.028382,0.04561889,2.7218938,-27.023245,-137.62273,-1055.9529,11.0
27.240585,-0.11943136,0.5722567,-14.381322,-0.036188718,2.7691095,-28.098915,-137.04552,-1055.044,11.0
29.112822,-0.12593362,0.7648663,-11.914151,0.035302054,2.518497,-29.963316,-135.77254,-1053.6589,11.0
31.568182,-0.108888306,0.4703136,-11.642762,0.058308125,2.959798,-32.43335,-134.72003,-1051.3811,11.0
33.8902,-0.09067803,-0.00093590625,-18.00392,-0.07354906,3.5251615,-34.76292,-133.84969,-1049.1476,11.0
34.963486,-0.08763828,-0.022724692,-16.266466,-0.03867941,3.627076,-35.836468,-133.31854,-1048.209,11.0
35.43456,-0.14276665,1.2288231,-16.27685,0.18586233,1.6741878,-36.2517,-131.47972,-1048.9868,11.0
35.99909,-0.10164692,0.20214674,-17.630144,-0.074908294,3.121734,-36.86802,-132.3136,-1047.6527,11.0
37.438084,-0.08404731,-0.04790702,-1.9068702,0.0030710986,3.7589722,-38.31096,-132.00983,-1046.1049,11.0
37.808975,-0.10006824,0.28129902,0.48344958,0.03366649,3.1542034,-38.67855,-131.30353,-1046.1497,11.0
38.219738,-0.08281908,-0.050135143,-2.1047273,0.023736078,3.8079183,-39.092464,-131.60248,-1045.436,11.0
38.63974,-0.10330767,0.36020482,-2.6272445,0.052198578,3.0178676,-39.507355,-130.71721,-1045.5483,11.0
38.86216,-0.089970626,0.12475292,-3.6553407,0.06532505,3.5324302,-39.73494,-131.00876,-1045.067,11.0
39.13086,-0.11384694,0.53592235,-8.017423,0.031519692,2.5973585,-39.989346,-130.09647,-1045.3939,11.0
39.8007,-0.088846415,0.064473435,-8.266951,0.025999999,3.5740213,-40.673603,-130.50539,-1044.2737,11.0
40.190968,-0.110888116,0.48623884,-3.3082244,0.036968313,2.6873672,-41.052124,-129.56174,-1044.4711,11.0
41.492905,-0.10729773,0.37809163,-11.452031,-0.004273576,2.8047004,-42.357025,-128.91077,-1043.3341,11.0
42.2936,-0.12972832,0.7938369,-15.705347,-0.006398075,1.8399702,-43.12729,-127.6788,-1043.2549,11.0
44.877563,-0.1256121,0.76594085,-14.249173,0.042364888,1.9131607,-45.716434,-126.25631,-1041.0903,11.0
52.136044,-0.09565033,1.294548,-12.052626,1.1292568,3.1917212,-53.006912,-123.13014,-1034.3811,11.0
56.156765,-0.08537698,1.3882298,-8.369749,1.414424,3.7322876,-57.02972,-121.269936,-1030.7736,11.0
65.97519,-0.04467812,-0.7738521,-9.310916,0.010705873,6.428706,-66.79019,-117.89192,-1021.22754,11.0
19.739866,-0.08993016,0.13462156,-16.913076,0.07594803,3.5974765,-20.612757,-142.0111,-1060.7072,11.0
19.99527,-0.08930341,0.12263684,-16.6247,0.07564541,3.6091607,-20.868196,-141.8744,-1060.491,11.0
20.844387,-0.10007307,0.24292848,-15.762205,-0.004794047,3.3823957,-21.715498,-141.20335,-1059.9261,11.0
21.360792,-0.10729207,0.42443,-16.53395,0.042170312,3.2212632,-22.229223,-140.7771,-1059.5973,11.0
21.532307,-0.09030788,0.120819345,-16.362364,0.055105455,3.5833938,-22.405159,-140.97325,-1059.2457,11.0
23.339748,-0.06966375,-0.33324152,0.088068396,-0.014180239,4.0585213,-24.209396,-140.32971,-1057.4944,11.0
23.966187,-0.10902996,0.40492535,-9.710221,-0.00971989,3.1257434,-24.833164,-139.20781,-1057.5171,11.0
24.359833,-0.07239285,-0.21174438,-17.217762,0.056454755,4.0093355,-25.230371,-139.70479,-1056.6855,11.0
25.26834,-0.11670236,0.5831217,-10.774968,0.025517782,2.902751,-26.1299,-138.2825,-1056.5817,11.0
29.575201,-0.03436905,-0.9320929,-9.072622,0.044402897,5.207358,-30.407852,-137.72246,-1051.7549,11.0
30.239807,-0.036094446,-0.9557115,-13.404967,-0.0113330055,5.189955,-31.07423,-137.32663,-1051.2185,11.0
30.68401,-0.055633344,-0.54351574,-16.088642,0.036983214,4.613361,-31.542288,-136.5859,-1051.1649,11.0
32.11942,-0.044801254,-0.7738113,-12.50558,0.008453654,5.0055075,-32.96435,-136.09317,-1049.7744,11.0
32.211803,-0.082061134,-0.20175932,-13.8825245,-0.11376072,3.8095524,-33.08447,-135.04388,-1050.3607,11.0
32.523945,-0.062488273,-0.5469785,-10.064722,-0.09420082,4.447484,-33.38748,-135.3934,-1049.7471,11.0
32.528008,-0.020400416,-1.2209398,-13.354715,0.015459516,5.815119,-33.329735,-136.54771,-1049.0114,11.0
36.411957,-0.033569243,-1.0337447,-13.44026,-0.042361803,5.593442,-37.23375,-134.1306,-1045.9376,11.0
36.61034,-0.018758548,-1.3050683,-10.048746,-0.038134914,6.145189,-37.399097,-134.48828,-1045.4861,11.0
37.83525,-0.050123595,-0.6395347,-7.2519445,0.043602645,5.0431967,-38.683067,-132.84964,-1045.0645,11.0
38.892803,-0.051541373,-0.45278832,-14.57957,0.20393981,5.026669,-39.74189,-132.22983,-1044.2058,11.0
39.573547,-0.038055897,-0.916256,-11.182055,-0.008392279,5.583735,-40.399906,-132.30977,-1043.3474,11.0
39.865566,-0.055989657,-0.6237095,-11.757937,-0.04984873,4.8835387,-40.71988,-131.5525,-1043.486,11.0
40.411953,-0.045466006,-0.82279587,-15.202296,-0.05291068,5.3252726,-41.25075,-131.61069,-1042.7979,11.0
41.250183,-0.0108891865,-1.4757142,-13.983557,-0.062481925,6.783547,-42.004982,-132.37439,-1041.3445,11.0
41.999752,-0.014549676,-1.3890718,-15.394396,-0.043881204,6.686931,-42.763752,-131.86072,-1040.7777,11.0
42.944393,-0.027638122,-1.1324619,-9.214563,-0.030702064,6.1940784,-43.74274,-130.8961,-1040.2573,11.0
44.000504,-0.021256944,-1.0835718,-13.261553,0.13689715,6.5365562,-44.77957,-130.58322,-1039.2112,11.0
44.870754,-0.037292335,-0.9591688,-11.19263,-0.037090033,5.87506,-45.689194,-129.52007,-1038.8441,11.0
44.93972,-0.03427165,-0.9672509,-11.142454,0.0110578975,6.0140333,-45.75118,-129.59851,-1038.7137,11.0
48.801098,-0.03247953,-1.0540061,-10.435492,-0.042341147,6.3033757,-49.602615,-127.63046,-1035.3905,11.0
50.601368,-0.03392737,-0.9105629,-10.933943,0.07415414,6.327621,-51.40416,-126.618805,-1033.8997,11.0
51.20227,-0.046416003,-0.69968235,-11.618464,0.052510403,5.720511,-52.033913,-125.76048,-1033.731,11.0
51.61353,-0.02715173,-1.0132762,-15.722124,0.09753365,6.730085,-52.39532,-126.38125,-1032.8566,11.0
54.07107,-0.020661753,-1.2271585,-15.649355,0.004380296,7.2263517,-54.82653,-125.39604,-1030.5792,11.0
55.502903,-0.045472212,-0.902771,-14.90768,-0.13300134,5.9456677,-56.328945,-123.485825,-1030.0807,11.0
19.003614,-0.09220531,-0.0072682947,-23.744806,-0.10834845,3.5566847,-19.876316,-142.39932,-1061.3342,11.0
19.739864,-0.078286506,-0.112652384,-19.377481,0.04570088,3.8273187,-20.61218,-142.19986,-1060.5759,11.0
26.88199,0.028173441,-2.186225,-18.063908,-0.048253577,6.741858,-27.578094,-140.60078,-1053.1962,11.0
27.716326,-0.0008296915,-1.6764213,-15.047537,-0.07630206,6.0376225,-28.487413,-139.50276,-1052.8539,11.0
29.036194,-0.0108900815,-1.3986746,-11.06529,0.0145410355,5.8595414,-29.825993,-138.59032,-1051.8584,11.0
29.15282,0.030408844,-2.166672,-7.1780777,0.012685218,7.0666723,-29.826445,-139.57971,-1051.1669,11.0
29.502775,0.0173171,-1.9445902,-10.34948,-0.007759275,6.723645,-30.216589,-139.0751,-1051.0435,11.0
30.206823,0.03203728,-2.0275311,-17.104332,0.18196774,7.238579,-30.867456,-139.12459,-1050.215,11.0
30.231068,0.001744028,-1.5776818,-12.771742,0.07022717,6.330587,-30.986143,-138.31221,-1050.6376,11.0
30.23984,0.010994506,-1.828051,-13.6248255,-0.008468309,6.6098847,-30.96891,-138.55107,-1050.4918,11.0
30.739922,0.02247131,-2.1423683,-15.65834,-0.11001303,7.00953,-31.430218,-138.61458,-1049.8848,11.0
31.315937,-0.009012198,-1.5733345,-17.968725,-0.12521976,6.0906353,-32.0947,-137.48076,-1049.8661,11.0
34.051662,0.007776706,-1.7478586,-9.512884,0.012023836,6.8722816,-34.77309,-136.58798,-1047.2227,11.0
34.483273,0.017352816,-1.9187785,-11.872852,0.018714545,7.2415514,-35.170086,-136.66342,-1046.6858,11.0
34.72778,0.04632753,-2.4795852,-11.415452,-0.005839516,8.2660675,-35.294365,-137.4322,-1045.9973,11.0
34.88308,0.041214023,-2.3068936,-10.29448,0.072351374,8.109791,-35.471485,-137.20267,-1045.9415,11.0
35.65635,0.01123628,-1.7996778,-12.185582,0.024389733,7.1463056,-36.3588,-135.9047,-1045.7657,11.0
35.78966,0.025779672,-2.1443183,-13.666939,-0.0506766,7.6769543,-36.43686,-136.29506,-1045.398,11.0
21.011387,0.009699353,-1.7872728,-17.1502,0.008282974,5.683483,-21.787016,-143.04893,-1058.5499,11.0
25.261383,0.06798643,-2.9720652,-14.027249,-0.09879692,7.552802,-25.833107,-142.26479,-1054.1625,11.0
25.638575,0.09348327,-3.2808557,-16.435934,0.060989052,8.255436,-26.096918,-142.68977,-1053.5438,11.0
26.039896,0.06034048,-2.8592277,-18.717182,-0.1268532,7.4758387,-26.63224,-141.74411,-1053.5514,11.0
27.624582,0.04257487,-2.444689,-14.971234,-0.04028859,7.221782,-28.26739,-140.59956,-1052.3563,11.0
27.808939,0.0634461,-2.8336082,-12.457753,-0.04398592,7.8202806,-28.369438,-141.03181,-1051.9299,11.0
29.024818,0.07134899,-2.9228244,-12.047052,0.012354,8.228712,-29.536467,-140.69846,-1050.7393,11.0
30.029871,0.050023418,-2.3732646,-15.255052,0.16874318,7.753353,-30.622993,-139.6866,-1050.1206,11.0
30.675404,0.11090494,-3.7180896,-9.151369,-0.057303272,9.682557,-30.951984,-141.07988,-1048.7463,11.0
31.310486,0.07242131,-2.986488,-16.829546,-0.03157349,8.62141,-31.78838,-139.731,-1048.6682,11.0
31.414,0.10218801,-3.4660904,-12.727343,0.03524636,9.558754,-31.728785,-140.5336,-1048.1803,11.0
32.339905,0.09707558,-3.5074987,-16.933138,-0.09980268,9.570051,-32.66885,-140.0046,-1047.4032,11.0
33.24754,0.11564356,-3.631261,-18.429636,0.11608779,10.341708,-33.44283,-140.19408,-1046.3268,11.0
33.733753,0.09230645,-3.2744088,-8.740774,0.045854002,9.666401,-34.06826,-139.28232,-1046.2007,11.0
34.43989,0.08952141,-3.255928,-14.311065,0.013241158,9.6976595,-34.780064,-138.90038,-1045.5992,11.0
18.246857,0.10974304,-3.6447642,-20.622202,-0.005215507,7.2228622,-18.769234,-146.03893,-1060.1427,11.0
19.967958,0.109500796,-3.5836957,-22.29452,0.051424634,7.5538955,-20.458206,-145.34325,-1058.5685,11.0
20.015291,0.13993971,-4.2583084,-19.85253,-0.06849393,8.158786,-20.37684,-145.88576,-1058.2888,11.0
21.221903,0.090382084,-3.1773825,-20.60881,0.107579224,7.3995457,-21.763367,-144.46939,-1057.5868,11.0
23.265207,0.16503786,-4.6137047,-2.8682885,0.030580502,9.45606,-23.405428,-145.21521,-1055.063,11.0
23.305166,0.1347812,-4.0954075,-7.515837,0.0006613324,8.780532,-23.60935,-144.54462,-1055.2826,11.0
23.446152,0.14957309,-4.4575815,-5.6302004,-0.093000665,9.149263,-23.66824,-144.8132,-1055.0232,11.0
23.783401,0.13103297,-3.9581676,-8.1213665,0.069716595,8.79854,-24.095325,-144.28111,-1054.8739,11.0
23.971651,0.11310358,-3.7394962,-10.221411,-0.03853591,8.418722,-24.368174,-143.81349,-1054.8677,11.0
24.530724,0.0963733,-3.4409592,-9.309229,-0.046133447,8.126725,-24.994184,-143.21567,-1054.5216,11.0
24.989948,0.14210775,-4.354885,-17.209032,-0.12570406,9.328962,-25.212152,-144.0765,-1053.6545,11.0
29.000948,0.15876456,-4.5771465,-15.952524,-0.046193488,10.707924,-29.00526,-143.03519,-1049.7552,11.0
30.805851,0.1612873,-4.5178666,-13.786062,0.058683485,11.221735,-30.737125,-142.4648,-1048.0411,11.0
31.499943,0.15672189,-4.5169106,-15.615488,-0.022898704,11.252548,-31.444967,-142.08476,-1047.4432,11.0
34.936607,0.19199306,-5.0929074,-16.409002,0.036210068,13.271043,-34.462463,-142.01186,-1043.8136,11.0
18.774311,0.16843319,-4.6513247,-22.412596,0.054223966,8.399533,-19.040003,-146.84857,-1059.247,11.0
22.333239,0.18242504,-4.9816837,-7.4640455,-0.024254015,9.599221,-22.402859,-145.90663,-1055.803,11.0
23.65984,0.17733605,-4.880083,-9.557792,-0.014155441,9.835681,-23.713448,-145.35007,-1054.5931,11.0
23.992998,0.23372036,-5.828974,-11.696667,0.043200072,11.2179365,-23.645502,-146.52222,-1053.8574,11.0
24.03141,0.23647489,-6.028885,-11.666527,-0.10800558,11.292831,-23.661032,-146.57472,-1053.8018,11.0
24.359966,0.17971486,-4.799944,-13.026202,0.10877168,10.074262,-24.374142,-145.16737,-1053.9149,11.0
25.256212,0.23654738,-6.041692,-13.050438,-0.119531356,11.6834345,-24.82188,-146.23029,-1052.6263,11.0
26.824287,0.20139334,-5.2740593,-13.439653,0.0232787,11.282147,-26.592466,-144.88748,-1051.4045,11.0
27.023256,0.24347308,-6.0985413,-12.786632,-0.054122984,12.421843,-26.43741,-145.91064,-1050.8792,11.0
27.028978,0.22604278,-5.666078,-13.633649,0.07010694,11.976699,-26.591633,-145.45738,-1051.0076,11.0
27.719978,0.21756703,-5.5291834,-14.016182,0.056483023,11.965379,-27.320452,-145.03079,-1050.4165,11.0
28.082077,0.24536557,-6.0238805,-19.279,0.0538953,12.8152895,-27.421797,-145.66957,-1049.8468,11.0
28.638071,0.19910362,-5.23802,-18.30313,0.018385593,11.73444,-28.3501,-144.2519,-1049.7046,11.0
30.166765,0.23474027,-5.9174194,-14.240696,-0.027206216,13.191135,-29.495514,-144.79033,-1047.9314,11.0
30.387127,0.21916197,-5.6248145,-11.527925,-0.0107929,12.810443,-29.850609,-144.2749,-1047.8583,11.0
33.88602,0.277611,-6.6355867,-16.120522,0.007111222,15.733954,-32.53614,-145.13405,-1043.9827,11.0
34.990463,0.26868686,-6.3707485,-14.944909,0.11626959,15.835113,-33.678062,-144.56314,-1042.9885,11.0
37.512737,0.26289648,-6.3411202,-17.252739,0.044608798,16.50867,-36.117775,-143.71841,-1040.6027,11.0
23.91304,0.2986991,-7.0103693,-13.8453,-0.0019174808,12.650629,-23.032784,-148.04764,-1053.5394,11.0
24.742199,0.27234074,-6.6139827,-13.221413,-0.06315985,12.354756,-24.03827,-147.22934,-1052.8844,11.0
25.293264,0.27936852,-6.6644382,-13.182083,0.008857571,12.714547,-24.491186,-147.26498,-1052.3071,11.0
25.33086,0.30597112,-7.1583285,-15.721754,-0.02446546,13.353958,-24.276798,-147.91196,-1052.1168,11.0
25.996931,0.27678415,-6.675021,-11.626816,-0.046725295,12.903597,-25.172215,-147.03003,-1051.6405,11.0
26.67385,0.3093446,-7.057667,-12.11117,0.13424695,13.950832,-25.483053,-147.71063,-1050.786,11.0
26.971176,0.3208303,-7.469254,-12.358008,-0.080312446,14.350631,-25.636257,-147.95068,-1050.4315,11.0
27.851213,0.28721112,-6.7620645,-18.551025,0.04751465,13.833596,-26.800766,-146.86002,-1049.7728,11.0
27.871698,0.29275513,-7.069519,-19.079773,-0.1638521,13.984769,-26.76301,-147.00557,-1049.7173,11.0
30.29751,0.28327176,-6.9566708,-18.19328,-0.2154954,14.615729,-29.121483,-146.17244,-1047.4224,11.0
31.566591,0.28505218,-6.7325177,-18.877224,0.03958643,15.126893,-30.284372,-145.92567,-1046.1763,11.0
32.260902,0.30221617,-7.0990863,-18.98372,-0.029933527,15.893211,-30.725767,-146.3012,-1045.3756,11.0
22.905972,0.3585734,-8.073284,-5.7915564,-0.043893185,13.526865,-21.546358,-149.61711,-1054.2563,11.0
23.007456,0.38979253,-8.620293,-7.0307827,-0.06975902,14.213897,-21.318577,-150.3108,-1054.0497,11.0
23.442017,0.32316574,-7.4295077,-12.474632,-0.00062160264,13.002402,-22.374249,-148.7131,-1053.8778,11.0
24.275272,0.36477032,-8.131313,-13.72966,0.0021617075,14.252087,-22.716995,-149.5414,-1052.8813,11.0
24.640787,0.33071193,-7.6558256,-11.577202,-0.09815152,13.650267,-23.39905,-148.65747,-1052.6667,11.0
25.340027,0.35772184,-7.926852,-15.514735,0.08821114,14.555548,-23.752453,-149.19731,-1051.8586,11.0
18.023378,0.411767,-8.962734,-15.933185,-0.05034658,12.278198,-16.703999,-151.36604,-1058.9413,11.0
18.490807,0.39412263,-8.625916,-19.314953,-0.0037458353,12.2136965,-17.267984,-150.99023,-1058.5159,11.0
19.30568,0.40826276,-8.889726,0.085831404,-0.034758806,12.83166,-17.862553,-151.15643,-1057.6746,11.0
20.160036,0.40449432,-8.800967,-17.077896,-0.007871353,13.170486,-18.650366,-150.98312,-1056.8346,11.0
26.28758,0.45899567,-9.589322,-12.484819,0.08599299,17.304588,-23.343958,-151.685,-1050.6195,11.0
26.912235,0.41540194,-4.5939074,-16.34404,4.3779263,16.612923,-24.464691,-150.47623,-1050.0967,11.0
17.563356,0.49513903,-10.278268,-12.292019,-0.033582523,13.313832,-15.547227,-152.87746,-1059.2966,11.0
17.649065,0.44652906,-9.572841,-21.088089,-0.09688249,12.63296,-16.072649,-152.01839,-1059.2557,11.0
18.075474,0.4668316,-9.847178,-8.02121,-0.04732417,13.16381,-16.25017,-152.35196,-1058.8063,11.0
21.44092,0.5218727,-10.680024,-15.641083,-0.022769677,15.91914,-18.465614,-153.34239,-1055.4122,11.0
21.805002,0.54333764,-10.966452,-11.799313,0.016564233,16.508396,-18.492704,-153.80998,-1055.0527,11.0
24.47828,0.55141604,-11.141814,-11.090136,-0.03750045,18.242548,-20.53573,-154.06192,-1052.3848,11.0
26.096619,0.5223724,-10.596606,-12.046722,0.06828889,18.591146,-22.27823,-153.35,-1050.7566,11.0
27.376986,0.53195757,-10.73163,-14.825382,0.07929733,19.538076,-23.177288,-153.61156,-1049.4773,11.0
28.14802,0.5033666,-10.499282,-12.098003,-0.12683026,19.322933,-24.262688,-152.81369,-1048.7106,11.0
24.92907,0.5862577,-11.591924,-9.224266,0.027142458,19.19959,-20.368458,-154.94234,-1051.9739,11.0
17.306044,0.6762678,0.0990059,-12.381523,12.981125,15.621565,-13.382671,-156.00882,-1059.7499,11.0
53.04348,0.8838254,0.38015217,5.929573,15.761794,47.430885,-30.839363,-172.09225,-1027.2246,11.0
26.801044,1.112354,-11.087401,4.021736,6.279257,28.632555,-10.610419,-168.2632,-1054.5729,11.0
17.270908,1.1253744,-4.6323667,-1.0617886,12.820953,19.834011,-6.937875,-163.15256,-1062.6217,11.0
29.675713,1.201942,-5.1633186,15.168379,12.73931,32.16453,-9.138017,-172.00195,-1053.7577,11.0
